1,27,11	
10,19,21	
10,22,4	
10,22,8	
10,24,6	
10,29,20	
10,8,17	
11,18,22	
12,27,5	
12,28,21	
13,1,16	
13,21,8	
13,3,17	
14,15,15	
14,20,7	
15,16,29	
15,19,15	
15,26,22	
15,30,25	
17,10,23	
17,14,28	
17,21,12	
17,23,19	
17,24,13	
17,28,21	
17,5,14	
17,6,30	
18,11,14	
18,25,17	
18,4,6	
19,13,16	
19,14,14	
19,17,1	
19,20,11	
19,3,13	
19,3,16	
19,6,13	
2,10,3	
2,5,1	
2,5,23	
20,13,11	
21,1,10	
21,17,17	
21,22,24	
21,4,9	
21,8,14	
22,18,6	
22,24,19	
22,27,14	
22,4,29	
22,5,17	
23,1,19	
23,10,21	
24,22,8	
24,9,23	
25,14,23	
25,27,1	
25,30,3	
27,2,10	
27,23,4	
27,5,11	
27,7,19	
28,12,25	
28,2,8	
28,24,7	
28,9,20	
29,20,22	
29,28,24	
29,9,8	
3,19,7	
3,25,5	
30,12,27	
30,29,3	
4,11,11	
4,21,23	
4,24,27	
4,5,23	
5,1,29	
5,20,18	
5,22,14	
5,22,22	
5,24,24	
5,24,29	
5,25,26	
6,24,18	
6,26,19	
6,27,19	
7,25,12	
7,3,26	
8,18,5	
8,25,9	
8,5,11	
8,9,24	
9,10,9	
9,11,15	
9,11,29	
9,16,4	
9,2,9	
9,29,11	
9,30,18	
