977
369
916
13
382
545
162
176
538
781
231
474
46
156
573
742
559
2
653
317
720
673
827
972
981
409
634
240
556
499
495
544
266
669
696
260
398
387
958
728
805
745
353
915
899
254
109
225
753
201
436
126
245
919
281
389
320
749
602
971
931
538
517
218
84
353
214
654
49
488
158
33
970
788
536
661
801
337
361
163
58
110
286
36
996
633
151
522
7
522
375
883
190
504
143
700
229
541
845
493
709
783
224
128
818
95
7
408
951
740
308
615
329
29
819
337
738
129
39
337
69
510
390
278
250
884
831
530
957
179
456
446
56
233
22
202
918
867
6
364
935
616
917
621
191
710
802
8
222
381
873
680
614
763
550
217
427
227
410
188
874
595
911
281
538
19
932
832
485
906
790
728
80
508
639
563
322
126
4
684
209
182
692
927
863
393
835
67
292
534
675
871
893
296
327
113
491
134
70
416
347
761
377
209
57
411
508
945
736
126
536
728
384
493
54
779
546
801
336
372
62
567
425
309
432
315
632
944
164
134
864
276
754
276
181
311
454
628
731
711
619
437
642
307
47
375
935
815
205
436
640
76
161
397
434
449
213
136
747
372
682
737
620
500
937
325
842
920
247
774
214
316
643
90
662
346
752
446
128
561
832
621
776
51
670
300
768
821
252
371
399
912
718
244
627
506
927
449
366
147
327
533
528
861
274
547
746
120
434
777
132
489
396
973
72
196
643
626
767
100
388
149
873
921
934
106
164
347
981
572
768
690
550
273
321
493
61
929
635
1
162
924
313
550
421
87
256
922
153
807
210
923
257
104
556
715
495
275
689
557
845
641
77
907
386
404
148
177
425
46
709
87
928
407
579
362
355
839
706
174
799
267
258
145
945
561
576
420
340
314
583
318
152
834
386
616
54
4
341
876
58
531
629
666
364
206
735
271
366
45
217
833
599
882
128
307
367
497
406
420
158
886
443
201
646
274
189
270
144
846
148
795
570
117
281
865
266
536
369
671
141
722
220
214
563
235
440
648
995
102
30
678
423
82
520
384
891
394
829
858
836
285
975
643
9
13
300
100
415
877
506
927
779
989
466
934
276
303
25
157
736
685
982
525
480
737
847
956
645
91
330
956
861
451
343
612
607
844
293
195