663
782
34
395
697
41
16
812
727
20
392
495
669
333
706
309
208
650
806
307
81
185
148
542
159
608
94
319
955
739
272
391
721
307
559
66
385
779
723
771
56
178
432
570
656
297
657
558
336
176
470
458
861
778
571
717
632
681
134
341
614
300
606
948
897
347
615
151
203
270
499
556
44
44
140
17
656
180
786
356
492
814
746
943
311
393
689
358
611
748
283
936
595
172
390
138
575
57
481
731
126
304
747
782
611
708
350
820
843
220
954
680
651
710
630
290
760
196
576
661
415
628
192
237
599
517
681
547
980
717
606
321
229
948
448
454
683
893
406
900
882
782
264
806
459
266
966
5
342
262
447
332
988
411
615
26
454
743
222
827
553
229
146
835
820
985
899
241
396
523
552
847
977
140
534
608
12
853
660
810
123
43
789
711
826
552
300
724
290
143
535
821
442
636
230
932
862
689
106
194
665
205
686
408
822
810
494
600
73
295
492
167
341
948
228
971
33
497
974
47
703
947
244
604
113
318
226
194
928
36
765
391
272
938
549
173
730
224
259
679
259
295
929
143
464
258
896
346
334
762
492
664
924
501
685
177
919
773
195
200
113
69
649
518
735
529
706
445
296
273
566
16
433
57
444
967
140
71
65
22
111
146
588
292
387
151
327
607
730
903
222
475
582
676
20
329
475
72
677
761
617
276
732
379
903
140
818
166
80
504
713
630
48
191
209
614
154
850
129
567
789
402
925
50
865
757
440
694
708
782
370
128
578
214
370
294
406
977
758
775
727
258
814
104
515
461
517
759
537
54
962
53
320
303
872
83
94
501
115
126
236
890
453
615
381
137
837
993
140
503
639
820
915
691
239
527
551
506
971
366
339
176
854
126
688
846
79
235
590
442
459
498
943
785
396
941
936
94
410
122
76
789
85
774
185
89
293
647
558
611
525
947
919
625
778
497
274
813
922
312
505
877
511
658
405
80
221
381
733
99
53
337
347
753
309
814
885
165
296
748
741
155
924
131
599
660
851
558
238
779
149
648
348
605
815
705
245
619
512
25
121
674
331
623
785
61
965
37
106
723
99
536
5
244
631
910
104
627
152
409
262
520
903
77
787
141
836
32
542
712
222
30
222
164
62
529
132
607
551
564