1	1
2	2
3	4
4	4
5	5
6	5
7	6
8	7
9	7
10	8
11	9
12	12
13	13
14	13
15	16
16	16
17	17
18	19
19	20
20	20
21	22
22	22
23	25
24	25
25	26
26	29
27	30
28	30
29	32
30	33
31	33
32	34
33	36
34	36
35	37
36	39
37	41
38	43
39	44
40	44
41	45
42	46
43	46
44	47
45	47
46	48
47	49
48	50
49	51
50	53
51	53
52	54
53	54
54	54
55	56
56	56
57	57
58	57
59	57
60	58
61	58
62	61
63	61
64	62
65	62
66	65
67	66
68	67
69	69
70	69
71	70
72	71
73	72
74	72
75	73
76	76
77	76
78	77
79	77
80	79
81	80
82	80
83	80
84	81
85	82
86	83
87	84
88	85
89	87
90	87
91	89
92	90
93	91
94	94
95	94
96	94
97	95
98	99
99	99
100	100
101	100
102	102
103	104
104	104
105	104
106	106
107	106
108	106
109	109
110	110
111	111
112	113
113	113
114	113
115	115
116	117
117	120
118	121
119	122
120	123
121	126
122	126
123	126
124	126
125	126
126	126
127	128
128	128
129	128
130	128
131	129
132	129
133	131
134	132
135	132
136	134
137	134
138	134
139	136
140	137
141	138
142	140
143	140
144	140
145	140
146	140
147	141
148	141
149	143
150	143
151	143
152	144
153	145
154	146
155	146
156	147
157	148
158	148
159	148
160	149
161	149
162	151
163	151
164	151
165	152
166	152
167	153
168	154
169	155
170	156
171	157
172	158
173	158
174	159
175	161
176	162
177	162
178	163
179	164
180	164
181	164
182	165
183	166
184	167
185	172
186	173
187	174
188	176
189	176
190	176
191	177
192	177
193	178
194	179
195	180
196	181
197	182
198	185
199	185
200	188
201	189
202	190
203	191
204	191
205	192
206	194
207	194
208	195
209	195
210	196
211	196
212	200
213	201
214	201
215	202
216	203
217	205
218	205
219	206
220	208
221	209
222	209
223	209
224	210
225	213
226	214
227	214
228	214
229	214
230	217
231	217
232	218
233	220
234	220
235	221
236	222
237	222
238	222
239	222
240	222
241	224
242	224
243	225
244	226
245	227
246	228
247	229
248	229
249	229
250	230
251	231
252	233
253	235
254	235
255	236
256	237
257	238
258	239
259	240
260	241
261	244
262	244
263	244
264	245
265	245
266	247
267	250
268	252
269	254
270	256
271	257
272	258
273	258
274	258
275	259
276	259
277	260
278	262
279	262
280	264
281	266
282	266
283	266
284	267
285	270
286	270
287	271
288	272
289	272
290	273
291	273
292	274
293	274
294	274
295	275
296	276
297	276
298	276
299	276
300	278
301	281
302	281
303	281
304	283
305	285
306	286
307	290
308	290
309	292
310	292
311	293
312	293
313	294
314	295
315	295
316	296
317	296
318	296
319	297
320	300
321	300
322	300
323	300
324	303
325	303
326	304
327	307
328	307
329	307
330	307
331	308
332	309
333	309
334	309
335	311
336	311
337	312
338	313
339	314
340	315
341	316
342	317
343	318
344	318
345	319
346	320
347	320
348	321
349	321
350	322
351	325
352	327
353	327
354	327
355	329
356	329
357	330
358	331
359	332
360	333
361	334
362	336
363	336
364	337
365	337
366	337
367	337
368	339
369	340
370	341
371	341
372	341
373	342
374	343
375	346
376	346
377	347
378	347
379	347
380	347
381	348
382	350
383	353
384	353
385	355
386	356
387	358
388	361
389	362
390	364
391	364
392	366
393	366
394	366
395	367
396	369
397	369
398	370
399	370
400	371
401	372
402	372
403	375
404	375
405	377
406	379
407	381
408	381
409	381
410	382
411	384
412	384
413	385
414	386
415	386
416	387
417	387
418	388
419	389
420	390
421	390
422	391
423	391
424	392
425	393
426	393
427	394
428	395
429	396
430	396
431	396
432	397
433	398
434	399
435	402
436	404
437	405
438	406
439	406
440	406
441	407
442	408
443	408
444	409
445	409
446	410
447	410
448	411
449	411
450	415
451	415
452	416
453	420
454	420
455	421
456	423
457	425
458	425
459	427
460	432
461	432
462	433
463	434
464	434
465	436
466	436
467	437
468	440
469	440
470	442
471	442
472	443
473	444
474	445
475	446
476	446
477	447
478	448
479	449
480	449
481	451
482	453
483	454
484	454
485	454
486	456
487	458
488	459
489	459
490	461
491	464
492	466
493	470
494	474
495	475
496	475
497	480
498	481
499	485
500	488
501	489
502	491
503	492
504	492
505	492
506	493
507	493
508	493
509	494
510	495
511	495
512	495
513	497
514	497
515	497
516	498
517	499
518	499
519	500
520	501
521	501
522	503
523	504
524	504
525	505
526	506
527	506
528	506
529	508
530	508
531	510
532	511
533	512
534	515
535	517
536	517
537	517
538	518
539	520
540	520
541	522
542	522
543	523
544	525
545	525
546	527
547	528
548	529
549	529
550	530
551	531
552	533
553	534
554	534
555	535
556	536
557	536
558	536
559	536
560	537
561	538
562	538
563	538
564	541
565	542
566	542
567	544
568	545
569	546
570	547
571	547
572	549
573	550
574	550
575	550
576	551
577	551
578	552
579	552
580	553
581	556
582	556
583	556
584	557
585	558
586	558
587	558
588	559
589	559
590	561
591	561
592	563
593	563
594	564
595	566
596	567
597	567
598	570
599	570
600	571
601	572
602	573
603	575
604	576
605	576
606	578
607	579
608	582
609	583
610	588
611	590
612	595
613	595
614	599
615	599
616	599
617	600
618	602
619	604
620	605
621	606
622	606
623	607
624	607
625	607
626	608
627	608
628	611
629	611
630	611
631	612
632	614
633	614
634	614
635	615
636	615
637	615
638	615
639	616
640	616
641	617
642	619
643	619
644	620
645	621
646	621
647	623
648	625
649	626
650	627
651	627
652	628
653	628
654	629
655	630
656	630
657	631
658	632
659	632
660	633
661	634
662	635
663	636
664	639
665	639
666	640
667	641
668	642
669	643
670	643
671	643
672	645
673	646
674	647
675	648
676	648
677	649
678	650
679	651
680	653
681	654
682	656
683	656
684	657
685	658
686	660
687	660
688	661
689	661
690	662
691	663
692	664
693	665
694	666
695	669
696	669
697	670
698	671
699	673
700	674
701	675
702	676
703	677
704	678
705	679
706	680
707	680
708	681
709	681
710	682
711	683
712	684
713	685
714	685
715	686
716	688
717	689
718	689
719	689
720	690
721	691
722	692
723	694
724	696
725	697
726	700
727	703
728	705
729	706
730	706
731	706
732	708
733	708
734	709
735	709
736	710
737	710
738	711
739	711
740	712
741	713
742	715
743	717
744	717
745	718
746	720
747	721
748	722
749	723
750	723
751	724
752	727
753	727
754	728
755	728
756	728
757	730
758	730
759	731
760	731
761	732
762	733
763	735
764	735
765	736
766	736
767	737
768	737
769	738
770	739
771	740
772	741
773	742
774	743
775	745
776	746
777	746
778	747
779	747
780	748
781	748
782	749
783	752
784	753
785	753
786	754
787	757
788	758
789	759
790	760
791	761
792	761
793	762
794	763
795	765
796	767
797	768
798	768
799	771
800	773
801	774
802	774
803	775
804	776
805	777
806	778
807	778
808	779
809	779
810	779
811	779
812	781
813	782
814	782
815	782
816	782
817	783
818	785
819	785
820	786
821	787
822	788
823	789
824	789
825	789
826	790
827	795
828	799
829	801
830	801
831	802
832	805
833	806
834	806
835	807
836	810
837	810
838	812
839	813
840	814
841	814
842	814
843	815
844	815
845	818
846	818
847	819
848	820
849	820
850	820
851	821
852	821
853	822
854	826
855	827
856	827
857	829
858	831
859	832
860	832
861	833
862	834
863	835
864	835
865	836
866	836
867	837
868	839
869	842
870	843
871	844
872	845
873	845
874	846
875	846
876	847
877	847
878	850
879	851
880	853
881	854
882	858
883	861
884	861
885	861
886	862
887	863
888	864
889	865
890	865
891	867
892	871
893	872
894	873
895	873
896	874
897	876
898	877
899	877
900	882
901	882
902	883
903	884
904	885
905	886
906	890
907	891
908	893
909	893
910	896
911	897
912	899
913	899
914	900
915	903
916	903
917	903
918	906
919	907
920	910
921	911
922	912
923	915
924	915
925	916
926	917
927	918
928	919
929	919
930	919
931	920
932	921
933	922
934	922
935	923
936	924
937	924
938	924
939	925
940	927
941	927
942	927
943	928
944	928
945	929
946	929
947	931
948	932
949	932
950	934
951	934
952	935
953	935
954	936
955	936
956	937
957	938
958	941
959	943
960	943
961	944
962	945
963	945
964	947
965	947
966	948
967	948
968	948
969	951
970	954
971	955
972	956
973	956
974	957
975	958
976	962
977	965
978	966
979	967
980	970
981	971
982	971
983	971
984	972
985	973
986	974
987	975
988	977
989	977
990	977
991	980
992	981
993	981
994	982
995	985
996	988
997	989
998	993
999	995
1000	996
